0 0
tree -700 -400 50 100
tree -700 -300 50 100
tree -700 -200 50 100
tree -700 -100 50 100
tree -700 0 50 100
tree -700 100 50 100
tree -700 200 50 100
tree -700 300 50 100
tree -700 400 50 100
tree -700 500 50 100
tree -650 -350 50 100
tree -650 -250 50 100
tree -650 -150 50 100
tree -650 -50 50 100
tree -650 50 50 100
tree -650 150 50 100
tree -650 250 50 100
tree -650 350 50 100
tree -650 450 50 100
tree -600 -400 50 100
tree -600 -300 50 100
tree -600 -200 50 100
tree -600 -100 50 100
tree -600 0 50 100
tree -600 100 50 100
tree -600 200 50 100
tree -600 300 50 100
tree -600 400 50 100
tree -600 500 50 100
tree -550 -350 50 100
tree -550 -250 50 100
tree -550 -150 50 100
tree -550 -50 50 100
tree -550 50 50 100
tree -550 150 50 100
tree -550 250 50 100
tree -550 350 50 100
tree -550 450 50 100
tree -500 -400 50 100
tree -500 -300 50 100
tree -500 -200 50 100
tree -500 -100 50 100
tree -500 0 50 100
tree -500 100 50 100
tree -500 200 50 100
tree -500 300 50 100
tree -500 400 50 100
tree -500 500 50 100
tree -450 -350 50 100
tree -450 -250 50 100
tree -450 -150 50 100
tree -450 -50 50 100
tree -450 50 50 100
tree -450 150 50 100
tree -450 250 50 100
tree -450 350 50 100
tree -450 450 50 100
tree -400 -400 50 100
tree -400 -300 50 100
rock -400 -200 50 50
rock -400 -150 50 50
rock -400 -100 50 50
rock -400 -50 50 50
rock -400 0 50 50
rock -400 50 50 50
rock -400 100 50 50
rock -400 150 50 50
rock -400 200 50 50
rock -400 250 50 50
rock -400 300 50 50
grass -400 350 50 50
tree -400 400 50 100
tree -400 500 50 100
tree -350 -350 50 100
grass -350 -250 50 50
rock -350 -200 50 50
longGrass -350 -150 50 50
longGrass -350 -100 50 50
longGrass -350 -50 50 50
dirt -350 0 50 50
dirt -350 50 50 50
longGrass -350 100 50 50
longGrass -350 150 50 50
longGrass -350 200 50 50
longGrass -350 250 50 50
rock -350 300 50 50
tree -350 350 50 100
tree -350 450 50 100
tree -300 -400 50 100
tree -300 -300 50 100
rock -300 -200 50 50
longGrass -300 -150 50 50
longGrass -300 -100 50 50
longGrass -300 -50 50 50
dirt -300 0 50 50
dirt -300 50 50 50
longGrass -300 100 50 50
longGrass -300 150 50 50
longGrass -300 200 50 50
longGrass -300 250 50 50
rock -300 300 50 50
grass -300 350 50 50
tree -300 400 50 100
tree -300 500 50 100
tree -250 -350 50 100
grass -250 -250 50 50
rock -250 -200 50 50
longGrass -250 -150 50 50
longGrass -250 -100 50 50
longGrass -250 -50 50 50
dirt -250 0 50 50
dirt -250 50 50 50
longGrass -250 100 50 50
longGrass -250 150 50 50
longGrass -250 200 50 50
longGrass -250 250 50 50
rock -250 300 50 50
tree -250 350 50 100
tree -250 450 50 100
tree -200 -400 50 100
tree -200 -300 50 100
rock -200 -200 50 50
longGrass -200 -150 50 50
longGrass -200 -100 50 50
longGrass -200 -50 50 50
dirt -200 0 50 50
dirt -200 50 50 50
longGrass -200 100 50 50
longGrass -200 150 50 50
longGrass -200 200 50 50
longGrass -200 250 50 50
rock -200 300 50 50
grass -200 350 50 50
tree -200 400 50 100
tree -200 500 50 100
tree -150 -350 50 100
grass -150 -250 50 50
rock -150 -200 50 50
longGrass -150 -150 50 50
longGrass -150 -100 50 50
longGrass -150 -50 50 50
dirt -150 0 50 50
dirt -150 50 50 50
longGrass -150 100 50 50
longGrass -150 150 50 50
longGrass -150 200 50 50
longGrass -150 250 50 50
rock -150 300 50 50
tree -150 350 50 100
tree -150 450 50 100
tree -100 -400 50 100
tree -100 -300 50 100
rock -100 -200 50 50
longGrass -100 -150 50 50
longGrass -100 -100 50 50
longGrass -100 -50 50 50
dirt -100 0 50 50
dirt -100 50 50 50
longGrass -100 100 50 50
longGrass -100 150 50 50
longGrass -100 200 50 50
longGrass -100 250 50 50
rock -100 300 50 50
grass -100 350 50 50
tree -100 400 50 100
tree -100 500 50 100
tree -50 -350 50 100
grass -50 -250 50 50
rock -50 -200 50 50
longGrass -50 -150 50 50
longGrass -50 -100 50 50
longGrass -50 -50 50 50
dirt -50 0 50 50
dirt -50 50 50 50
longGrass -50 100 50 50
longGrass -50 150 50 50
longGrass -50 200 50 50
longGrass -50 250 50 50
rock -50 300 50 50
tree -50 350 50 100
tree -50 450 50 100
tree 0 -400 50 100
tree 0 -300 50 100
rock 0 -200 50 50
longGrass 0 -150 50 50
longGrass 0 -100 50 50
longGrass 0 -50 50 50
dirt 0 0 50 50
dirt 0 50 50 50
dirt 0 100 50 50
dirt 0 150 50 50
dirt 0 200 50 50
dirt 0 250 50 50
rock 0 300 50 50
grass 0 350 50 50
tree 0 400 50 100
tree 0 500 50 100
tree 50 -350 50 100
grass 50 -250 50 50
rock 50 -200 50 50
longGrass 50 -150 50 50
longGrass 50 -100 50 50
longGrass 50 -50 50 50
dirt 50 0 50 50
dirt 50 50 50 50
dirt 50 100 50 50
dirt 50 150 50 50
dirt 50 200 50 50
dirt 50 250 50 50
rock 50 300 50 50
tree 50 350 50 100
tree 50 450 50 100
tree 100 -400 50 100
tree 100 -300 50 100
rock 100 -200 50 50
grass 100 -150 50 50
grass 100 -100 50 50
grass 100 -50 50 50
grass 100 0 50 50
grass 100 50 50 50
grass 100 100 50 50
grass 100 150 50 50
grass 100 200 50 50
grass 100 250 50 50
rock 100 300 50 50
grass 100 350 50 50
tree 100 400 50 100
tree 100 500 50 100
tree 150 -350 50 100
grass 150 -250 50 50
rock 150 -200 50 50
grass 150 -150 50 50
grass 150 -100 50 50
grass 150 -50 50 50
grass 150 0 50 50
grass 150 50 50 50
grass 150 100 50 50
grass 150 150 50 50
grass 150 200 50 50
grass 150 250 50 50
rock 150 300 50 50
tree 150 350 50 100
tree 150 450 50 100
tree 200 -400 50 100
tree 200 -300 50 100
rock 200 -200 50 50
grass 200 -150 50 50
grass 200 -100 50 50
grass 200 -50 50 50
grass 200 0 50 50
grass 200 50 50 50
grass 200 100 50 50
grass 200 150 50 50
grass 200 200 50 50
grass 200 250 50 50
rock 200 300 50 50
grass 200 350 50 50
tree 200 400 50 100
tree 200 500 50 100
tree 250 -350 50 100
grass 250 -250 50 50
rock 250 -200 50 50
grass 250 -150 50 50
grass 250 -100 50 50
grass 250 -50 50 50
grass 250 0 50 50
grass 250 50 50 50
grass 250 100 50 50
grass 250 150 50 50
grass 250 200 50 50
grass 250 250 50 50
rock 250 300 50 50
tree 250 350 50 100
tree 250 450 50 100
tree 300 -400 50 100
tree 300 -300 50 100
rock 300 -200 50 50
grass 300 -150 50 50
grass 300 -100 50 50
grass 300 -50 50 50
grass 300 0 50 50
grass 300 50 50 50
grass 300 100 50 50
grass 300 150 50 50
grass 300 200 50 50
grass 300 250 50 50
rock 300 300 50 50
grass 300 350 50 50
tree 300 400 50 100
tree 300 500 50 100
tree 350 -350 50 100
grass 350 -250 50 50
rock 350 -200 50 50
grass 350 -150 50 50
grass 350 -100 50 50
grass 350 -50 50 50
grass 350 0 50 50
grass 350 50 50 50
grass 350 100 50 50
grass 350 150 50 50
grass 350 200 50 50
grass 350 250 50 50
rock 350 300 50 50
tree 350 350 50 100
tree 350 450 50 100
tree 400 -400 50 100
tree 400 -300 50 100
rock 400 -200 50 50
rock 400 -150 50 50
rock 400 -100 50 50
rock 400 -50 50 50
rock 400 0 50 50
rock 400 50 50 50
rock 400 100 50 50
rock 400 150 50 50
rock 400 200 50 50
rock 400 250 50 50
rock 400 300 50 50
grass 400 350 50 50
tree 400 400 50 100
tree 400 500 50 100
tree 450 -350 50 100
tree 450 -250 50 100
tree 450 -150 50 100
tree 450 -50 50 100
tree 450 50 50 100
tree 450 150 50 100
tree 450 250 50 100
tree 450 350 50 100
tree 450 450 50 100
tree 500 -400 50 100
tree 500 -300 50 100
tree 500 -200 50 100
tree 500 -100 50 100
tree 500 0 50 100
tree 500 100 50 100
tree 500 200 50 100
tree 500 300 50 100
tree 500 400 50 100
tree 550 -350 50 100
tree 550 -250 50 100
tree 550 -150 50 100
tree 550 -50 50 100
tree 550 50 50 100
tree 550 150 50 100
tree 550 250 50 100
tree 550 350 50 100
tree 550 450 50 100
tree 600 -400 50 100
tree 600 -300 50 100
tree 600 -200 50 100
tree 600 -100 50 100
tree 600 0 50 100
tree 600 100 50 100
tree 600 200 50 100
tree 600 300 50 100
tree 600 400 50 100
tree 600 500 50 100
tree 600 600 50 100
tree 650 -350 50 100
tree 650 -250 50 100
tree 650 -150 50 100
tree 650 -50 50 100
tree 650 50 50 100
tree 650 150 50 100
tree 650 250 50 100
tree 650 350 50 100
tree 650 450 50 100
tree 650 550 50 100
tree 700 -400 50 100
tree 700 -300 50 100
tree 700 -200 50 100
tree 700 -100 50 100
tree 700 0 50 100
tree 700 100 50 100
tree 700 200 50 100
tree 700 300 50 100
tree 700 400 50 100
tree 700 500 50 100
tree 700 600 50 100
