0 0
tree -700 -400 50 100
tree -700 -300 50 100
tree -700 -200 50 100
tree -700 -100 50 100
tree -700 0 50 100
tree -700 100 50 100
tree -700 200 50 100
tree -700 300 50 100
tree -700 400 50 100
tree -700 500 50 100
tree -650 -350 50 100
tree -650 -250 50 100
tree -650 -150 50 100
tree -650 -50 50 100
tree -650 50 50 100
tree -650 150 50 100
tree -650 250 50 100
tree -650 350 50 100
tree -650 450 50 100
tree -600 -400 50 100
tree -600 -300 50 100
tree -600 -200 50 100
tree -600 -100 50 100
tree -600 0 50 100
tree -600 100 50 100
tree -600 200 50 100
tree -600 300 50 100
tree -600 400 50 100
tree -600 500 50 100
grass -600 1750 50 50
grass -600 1800 50 50
grass -600 1850 50 50
grass -600 1900 50 50
tree -550 -350 50 100
tree -550 -250 50 100
tree -550 -150 50 100
tree -550 -50 50 100
tree -550 50 50 100
tree -550 150 50 100
tree -550 250 50 100
tree -550 350 50 100
tree -550 450 50 100
grass -550 1000 50 50
grass -550 1050 50 50
grass -550 1100 50 50
grass -550 1150 50 50
grass -550 1200 50 50
grass -550 1250 50 50
grass -550 1300 50 50
grass -550 1350 50 50
grass -550 1400 50 50
tree -550 1450 50 100
tree -550 1550 50 100
tree -550 1650 50 100
grass -550 1750 50 50
grass -550 1800 50 50
grass -550 1850 50 50
grass -550 1900 50 50
tree -500 -400 50 100
tree -500 -300 50 100
tree -500 -200 50 100
tree -500 -100 50 100
tree -500 0 50 100
tree -500 100 50 100
tree -500 200 50 100
tree -500 300 50 100
tree -500 400 50 100
tree -500 500 50 100
grass -500 1000 50 50
grass -500 1050 50 50
grass -500 1100 50 50
grass -500 1150 50 50
grass -500 1200 50 50
grass -500 1250 50 50
grass -500 1300 50 50
grass -500 1350 50 50
grass -500 1400 50 50
grass -500 1450 50 50
grass -500 1500 50 50
grass -500 1550 50 50
grass -500 1600 50 50
grass -500 1650 50 50
grass -500 1700 50 50
grass -500 1750 50 50
grass -500 1800 50 50
grass -500 1850 50 50
grass -500 1900 50 50
tree -450 -350 50 100
tree -450 -250 50 100
tree -450 -150 50 100
tree -450 -50 50 100
tree -450 50 50 100
tree -450 150 50 100
tree -450 250 50 100
tree -450 350 50 100
tree -450 450 50 100
grass -450 600 50 50
grass -450 650 50 50
grass -450 700 50 50
grass -450 750 50 50
rock -450 800 50 50
rock -450 850 50 50
rock -450 900 50 50
rock -450 950 50 50
rock -450 1000 50 50
rock -450 1050 50 50
grass -450 1100 50 50
grass -450 1150 50 50
tree -450 1200 50 100
grass -450 1300 50 50
grass -450 1350 50 50
tree -450 1400 50 100
grass -450 1500 50 50
grass -450 1550 50 50
grass -450 1600 50 50
grass -450 1650 50 50
grass -450 1700 50 50
grass -450 1750 50 50
grass -450 1800 50 50
grass -450 1850 50 50
grass -450 1900 50 50
tree -400 -400 50 100
tree -400 -300 50 100
rock -400 -200 50 50
rock -400 -150 50 50
rock -400 -100 50 50
rock -400 -50 50 50
rock -400 0 50 50
rock -400 50 50 50
rock -400 100 50 50
rock -400 150 50 50
rock -400 200 50 50
rock -400 250 50 50
rock -400 300 50 50
grass -400 350 50 50
tree -400 400 50 100
tree -400 500 50 100
grass -400 600 50 50
grass -400 650 50 50
grass -400 700 50 50
grass -400 750 50 50
rock -400 800 50 50
rock -400 850 50 50
rock -400 900 50 50
rock -400 950 50 50
rock -400 1000 50 50
rock -400 1050 50 50
tree -400 1100 50 100
grass -400 1200 50 50
grass -400 1250 50 50
grass -400 1300 50 50
grass -400 1350 50 50
grass -400 1400 50 50
grass -400 1450 50 50
grass -400 1500 50 50
grass -400 1550 50 50
grass -400 1600 50 50
grass -400 1650 50 50
grass -400 1700 50 50
grass -400 1750 50 50
grass -400 1800 50 50
grass -400 1850 50 50
grass -400 1900 50 50
tree -350 -350 50 100
grass -350 -250 50 50
rock -350 -200 50 50
longGrass -350 -150 50 50
longGrass -350 -100 50 50
longGrass -350 -50 50 50
dirt -350 0 50 50
dirt -350 50 50 50
longGrass -350 100 50 50
longGrass -350 150 50 50
longGrass -350 200 50 50
longGrass -350 250 50 50
rock -350 300 50 50
tree -350 350 50 100
tree -350 450 50 100
tree -350 550 50 100
tree -350 650 50 100
grass -350 750 50 50
rock -350 800 50 50
rock -350 850 50 50
rock -350 900 50 50
rock -350 950 50 50
rock -350 1000 50 50
rock -350 1050 50 50
grass -350 1100 50 50
grass -350 1150 50 50
grass -350 1200 50 50
grass -350 1250 50 50
grass -350 1300 50 50
grass -350 1350 50 50
grass -350 1400 50 50
tree -350 1450 50 100
grass -350 1550 50 50
grass -350 1600 50 50
grass -350 1650 50 50
grass -350 1700 50 50
grass -350 1750 50 50
grass -350 1800 50 50
grass -350 1850 50 50
grass -350 1900 50 50
tree -300 -400 50 100
tree -300 -300 50 100
rock -300 -200 50 50
longGrass -300 -150 50 50
longGrass -300 -100 50 50
longGrass -300 -50 50 50
dirt -300 0 50 50
dirt -300 50 50 50
longGrass -300 100 50 50
longGrass -300 150 50 50
longGrass -300 200 50 50
longGrass -300 250 50 50
rock -300 300 50 50
grass -300 350 50 50
tree -300 400 50 100
tree -300 500 50 100
tree -300 600 50 100
grass -300 700 50 50
grass -300 750 50 50
rock -300 800 50 50
rock -300 850 50 50
rock -300 900 50 50
rock -300 950 50 50
rock -300 1000 50 50
rock -300 1050 50 50
grass -300 1100 50 50
tree -300 1150 50 100
grass -300 1250 50 50
tree -300 1300 50 100
grass -300 1400 50 50
grass -300 1450 50 50
grass -300 1500 50 50
grass -300 1550 50 50
grass -300 1600 50 50
grass -300 1650 50 50
grass -300 1700 50 50
grass -300 1750 50 50
grass -300 1800 50 50
grass -300 1850 50 50
grass -300 1900 50 50
tree -250 -350 50 100
grass -250 -250 50 50
rock -250 -200 50 50
longGrass -250 -150 50 50
longGrass -250 -100 50 50
longGrass -250 -50 50 50
dirt -250 0 50 50
dirt -250 50 50 50
longGrass -250 100 50 50
longGrass -250 150 50 50
longGrass -250 200 50 50
longGrass -250 250 50 50
rock -250 300 50 50
tree -250 350 50 100
tree -250 450 50 100
tree -250 550 50 100
tree -250 650 50 100
grass -250 750 50 50
rock -250 800 50 50
rock -250 850 50 50
rock -250 900 50 50
rock -250 950 50 50
rock -250 1000 50 50
rock -250 1050 50 50
grass -250 1100 50 50
grass -250 1150 50 50
tree -250 1200 50 100
grass -250 1300 50 50
grass -250 1350 50 50
grass -250 1400 50 50
rock -250 1450 50 50
rock -250 1500 50 50
rock -250 1550 50 50
rock -250 1600 50 50
rock -250 1650 50 50
tree -250 1700 50 100
grass -250 1800 50 50
grass -250 1850 50 50
grass -250 1900 50 50
tree -200 -400 50 100
tree -200 -300 50 100
rock -200 -200 50 50
longGrass -200 -150 50 50
longGrass -200 -100 50 50
longGrass -200 -50 50 50
dirt -200 0 50 50
dirt -200 50 50 50
longGrass -200 100 50 50
longGrass -200 150 50 50
longGrass -200 200 50 50
longGrass -200 250 50 50
rock -200 300 50 50
grass -200 350 50 50
tree -200 400 50 100
tree -200 500 50 100
tree -200 600 50 100
grass -200 700 50 50
grass -200 750 50 50
rock -200 800 50 50
rock -200 850 50 50
rock -200 900 50 50
rock -200 950 50 50
rock -200 1000 50 50
rock -200 1050 50 50
grass -200 1100 50 50
tree -200 1150 50 100
tree -200 1250 50 100
tree -200 1350 50 100
longGrass -200 1450 50 50
longGrass -200 1500 50 50
longGrass -200 1550 50 50
longGrass -200 1600 50 50
rock -200 1650 50 50
grass -200 1700 50 50
grass -200 1750 50 50
grass -200 1800 50 50
grass -200 1850 50 50
grass -200 1900 50 50
tree -150 -350 50 100
grass -150 -250 50 50
rock -150 -200 50 50
longGrass -150 -150 50 50
longGrass -150 -100 50 50
longGrass -150 -50 50 50
dirt -150 0 50 50
dirt -150 50 50 50
longGrass -150 100 50 50
longGrass -150 150 50 50
longGrass -150 200 50 50
longGrass -150 250 50 50
rock -150 300 50 50
tree -150 350 50 100
tree -150 450 50 100
tree -150 550 50 100
tree -150 650 50 100
grass -150 750 50 50
rock -150 800 50 50
rock -150 850 50 50
rock -150 900 50 50
rock -150 950 50 50
rock -150 1000 50 50
rock -150 1050 50 50
grass -150 1100 50 50
rock -150 1150 50 50
grass -150 1200 50 50
grass -150 1250 50 50
grass -150 1300 50 50
grass -150 1350 50 50
tree -150 1400 50 100
longGrass -150 1500 50 50
longGrass -150 1550 50 50
longGrass -150 1600 50 50
rock -150 1650 50 50
tree -150 1700 50 100
grass -150 1800 50 50
grass -150 1850 50 50
grass -150 1900 50 50
tree -100 -400 50 100
tree -100 -300 50 100
rock -100 -200 50 50
longGrass -100 -150 50 50
longGrass -100 -100 50 50
longGrass -100 -50 50 50
dirt -100 0 50 50
dirt -100 50 50 50
longGrass -100 100 50 50
longGrass -100 150 50 50
longGrass -100 200 50 50
longGrass -100 250 50 50
rock -100 300 50 50
grass -100 350 50 50
tree -100 400 50 100
tree -100 500 50 100
tree -100 600 50 100
grass -100 700 50 50
grass -100 750 50 50
rock -100 800 50 50
rock -100 850 50 50
rock -100 900 50 50
rock -100 950 50 50
rock -100 1000 50 50
rock -100 1050 50 50
rock -100 1100 50 50
rock -100 1150 50 50
grass -100 1200 50 50
grass -100 1250 50 50
grass -100 1300 50 50
grass -100 1350 50 50
grass -100 1400 50 50
grass -100 1450 50 50
longGrass -100 1500 50 50
longGrass -100 1550 50 50
longGrass -100 1600 50 50
rock -100 1650 50 50
grass -100 1700 50 50
grass -100 1750 50 50
tree -100 1800 50 100
grass -100 1900 50 50
tree -50 -350 50 100
grass -50 -250 50 50
rock -50 -200 50 50
longGrass -50 -150 50 50
longGrass -50 -100 50 50
longGrass -50 -50 50 50
dirt -50 0 50 50
dirt -50 50 50 50
longGrass -50 100 50 50
longGrass -50 150 50 50
longGrass -50 200 50 50
longGrass -50 250 50 50
rock -50 300 50 50
tree -50 350 50 100
tree -50 450 50 100
tree -50 550 50 100
tree -50 650 50 100
grass -50 750 50 50
rock -50 800 50 50
dirt -50 850 50 50
dirt -50 900 50 50
dirt -50 950 50 50
dirt -50 1000 50 50
dirt -50 1050 50 50
dirt -50 1100 50 50
rock -50 1150 50 50
grass -50 1200 50 50
grass -50 1250 50 50
grass -50 1300 50 50
grass -50 1350 50 50
tree -50 1400 50 100
longGrass -50 1500 50 50
longGrass -50 1550 50 50
longGrass -50 1600 50 50
rock -50 1650 50 50
grass -50 1700 50 50
grass -50 1750 50 50
tree -50 1800 50 100
grass -50 1900 50 50
tree 0 -400 50 100
tree 0 -300 50 100
rock 0 -200 50 50
longGrass 0 -150 50 50
longGrass 0 -100 50 50
longGrass 0 -50 50 50
dirt 0 0 50 50
dirt 0 50 50 50
dirt 0 100 50 50
dirt 0 150 50 50
dirt 0 200 50 50
dirt 0 250 50 50
dirt 0 300 50 50
dirt 0 350 50 50
dirt 0 400 50 50
dirt 0 450 50 50
dirt 0 500 50 50
dirt 0 550 50 50
dirt 0 600 50 50
dirt 0 650 50 50
dirt 0 700 50 50
dirt 0 750 50 50
dirt 0 800 50 50
dirt 0 850 50 50
dirt 0 900 50 50
dirt 0 950 50 50
dirt 0 1000 50 50
dirt 0 1050 50 50
dirt 0 1100 50 50
rock 0 1150 50 50
dirt 0 1200 50 50
grass 0 1250 50 50
dirt 0 1300 50 50
grass 0 1350 50 50
grass 0 1400 50 50
grass 0 1450 50 50
longGrass 0 1500 50 50
longGrass 0 1550 50 50
longGrass 0 1600 50 50
rock 0 1650 50 50
tree 0 1700 50 100
grass 0 1800 50 50
grass 0 1850 50 50
grass 0 1900 50 50
tree 50 -350 50 100
grass 50 -250 50 50
rock 50 -200 50 50
longGrass 50 -150 50 50
longGrass 50 -100 50 50
longGrass 50 -50 50 50
dirt 50 0 50 50
dirt 50 50 50 50
dirt 50 100 50 50
dirt 50 150 50 50
dirt 50 200 50 50
dirt 50 250 50 50
dirt 50 300 50 50
dirt 50 350 50 50
dirt 50 400 50 50
dirt 50 450 50 50
dirt 50 500 50 50
dirt 50 550 50 50
dirt 50 600 50 50
dirt 50 650 50 50
dirt 50 700 50 50
dirt 50 750 50 50
dirt 50 800 50 50
dirt 50 850 50 50
dirt 50 900 50 50
dirt 50 950 50 50
dirt 50 1000 50 50
dirt 50 1050 50 50
dirt 50 1100 50 50
dirt 50 1150 50 50
dirt 50 1200 50 50
grass 50 1250 50 50
grass 50 1300 50 50
grass 50 1350 50 50
tree 50 1400 50 100
longGrass 50 1500 50 50
longGrass 50 1550 50 50
longGrass 50 1600 50 50
rock 50 1650 50 50
grass 50 1700 50 50
grass 50 1750 50 50
tree 50 1800 50 100
grass 50 1900 50 50
tree 100 -400 50 100
tree 100 -300 50 100
rock 100 -200 50 50
grass 100 -150 50 50
grass 100 -100 50 50
grass 100 -50 50 50
grass 100 0 50 50
grass 100 50 50 50
grass 100 100 50 50
grass 100 150 50 50
grass 100 200 50 50
grass 100 250 50 50
rock 100 300 50 50
grass 100 350 50 50
tree 100 400 50 100
tree 100 500 50 100
tree 100 600 50 100
grass 100 700 50 50
rock 100 750 50 50
rock 100 800 50 50
dirt 100 850 50 50
dirt 100 900 50 50
dirt 100 950 50 50
dirt 100 1000 50 50
dirt 100 1050 50 50
dirt 100 1100 50 50
rock 100 1150 50 50
grass 100 1200 50 50
dirt 100 1250 50 50
dirt 100 1300 50 50
grass 100 1350 50 50
grass 100 1400 50 50
grass 100 1450 50 50
longGrass 100 1500 50 50
longGrass 100 1550 50 50
longGrass 100 1600 50 50
rock 100 1650 50 50
tree 100 1700 50 100
grass 100 1800 50 50
grass 100 1850 50 50
grass 100 1900 50 50
tree 150 -350 50 100
grass 150 -250 50 50
rock 150 -200 50 50
grass 150 -150 50 50
grass 150 -100 50 50
grass 150 -50 50 50
grass 150 0 50 50
grass 150 50 50 50
grass 150 100 50 50
grass 150 150 50 50
grass 150 200 50 50
grass 150 250 50 50
rock 150 300 50 50
tree 150 350 50 100
tree 150 450 50 100
tree 150 550 50 100
tree 150 650 50 100
grass 150 750 50 50
rock 150 800 50 50
rock 150 850 50 50
dirt 150 900 50 50
dirt 150 950 50 50
dirt 150 1000 50 50
dirt 150 1050 50 50
dirt 150 1100 50 50
rock 150 1150 50 50
grass 150 1200 50 50
grass 150 1250 50 50
grass 150 1300 50 50
grass 150 1350 50 50
tree 150 1400 50 100
longGrass 150 1500 50 50
longGrass 150 1550 50 50
longGrass 150 1600 50 50
rock 150 1650 50 50
grass 150 1700 50 50
grass 150 1750 50 50
grass 150 1800 50 50
tree 150 1850 50 100
tree 200 -400 50 100
tree 200 -300 50 100
rock 200 -200 50 50
grass 200 -150 50 50
grass 200 -100 50 50
grass 200 -50 50 50
grass 200 0 50 50
grass 200 50 50 50
grass 200 100 50 50
grass 200 150 50 50
grass 200 200 50 50
grass 200 250 50 50
rock 200 300 50 50
grass 200 350 50 50
tree 200 400 50 100
tree 200 500 50 100
tree 200 600 50 100
grass 200 700 50 50
grass 200 750 50 50
rock 200 800 50 50
rock 200 850 50 50
rock 200 900 50 50
dirt 200 950 50 50
dirt 200 1000 50 50
dirt 200 1050 50 50
dirt 200 1100 50 50
rock 200 1150 50 50
grass 200 1200 50 50
grass 200 1250 50 50
grass 200 1300 50 50
grass 200 1350 50 50
grass 200 1400 50 50
grass 200 1450 50 50
longGrass 200 1500 50 50
longGrass 200 1550 50 50
longGrass 200 1600 50 50
rock 200 1650 50 50
grass 200 1700 50 50
grass 200 1750 50 50
tree 200 1800 50 100
grass 200 1900 50 50
tree 250 -350 50 100
grass 250 -250 50 50
rock 250 -200 50 50
grass 250 -150 50 50
grass 250 -100 50 50
grass 250 -50 50 50
grass 250 0 50 50
grass 250 50 50 50
grass 250 100 50 50
grass 250 150 50 50
grass 250 200 50 50
grass 250 250 50 50
rock 250 300 50 50
tree 250 350 50 100
tree 250 450 50 100
tree 250 550 50 100
tree 250 650 50 100
grass 250 750 50 50
rock 250 800 50 50
rock 250 850 50 50
rock 250 900 50 50
rock 250 950 50 50
dirt 250 1000 50 50
dirt 250 1050 50 50
rock 250 1100 50 50
rock 250 1150 50 50
tree 250 1200 50 100
tree 250 1300 50 100
tree 250 1400 50 100
longGrass 250 1500 50 50
longGrass 250 1550 50 50
longGrass 250 1600 50 50
rock 250 1650 50 50
tree 250 1700 50 100
grass 250 1800 50 50
grass 250 1850 50 50
grass 250 1900 50 50
tree 300 -400 50 100
tree 300 -300 50 100
rock 300 -200 50 50
grass 300 -150 50 50
grass 300 -100 50 50
grass 300 -50 50 50
grass 300 0 50 50
grass 300 50 50 50
grass 300 100 50 50
grass 300 150 50 50
grass 300 200 50 50
grass 300 250 50 50
rock 300 300 50 50
grass 300 350 50 50
tree 300 400 50 100
tree 300 500 50 100
tree 300 600 50 100
grass 300 700 50 50
grass 300 750 50 50
rock 300 800 50 50
rock 300 850 50 50
rock 300 900 50 50
rock 300 950 50 50
rock 300 1000 50 50
rock 300 1050 50 50
dirt 300 1100 50 50
rock 300 1150 50 50
grass 300 1200 50 50
tree 300 1250 50 100
grass 300 1350 50 50
grass 300 1400 50 50
grass 300 1450 50 50
rock 300 1500 50 50
rock 300 1550 50 50
rock 300 1600 50 50
rock 300 1650 50 50
grass 300 1700 50 50
grass 300 1750 50 50
grass 300 1800 50 50
grass 300 1850 50 50
grass 300 1900 50 50
grass 300 1950 50 50
tree 350 -350 50 100
grass 350 -250 50 50
rock 350 -200 50 50
grass 350 -150 50 50
grass 350 -100 50 50
grass 350 -50 50 50
grass 350 0 50 50
grass 350 50 50 50
grass 350 100 50 50
grass 350 150 50 50
grass 350 200 50 50
grass 350 250 50 50
rock 350 300 50 50
tree 350 350 50 100
tree 350 450 50 100
tree 350 550 50 100
tree 350 650 50 100
grass 350 750 50 50
rock 350 800 50 50
rock 350 850 50 50
rock 350 900 50 50
rock 350 950 50 50
rock 350 1000 50 50
dirt 350 1050 50 50
dirt 350 1100 50 50
rock 350 1150 50 50
grass 350 1200 50 50
grass 350 1250 50 50
tree 350 1300 50 100
grass 350 1400 50 50
grass 350 1450 50 50
grass 350 1500 50 50
grass 350 1550 50 50
grass 350 1600 50 50
tree 350 1650 50 100
grass 350 1750 50 50
grass 350 1800 50 50
tree 350 1850 50 100
tree 400 -400 50 100
tree 400 -300 50 100
rock 400 -200 50 50
rock 400 -150 50 50
rock 400 -100 50 50
rock 400 -50 50 50
rock 400 0 50 50
rock 400 50 50 50
rock 400 100 50 50
rock 400 150 50 50
rock 400 200 50 50
rock 400 250 50 50
rock 400 300 50 50
grass 400 350 50 50
tree 400 400 50 100
tree 400 500 50 100
tree 400 600 50 100
grass 400 700 50 50
grass 400 750 50 50
rock 400 800 50 50
rock 400 850 50 50
rock 400 900 50 50
rock 400 950 50 50
rock 400 1000 50 50
dirt 400 1050 50 50
dirt 400 1100 50 50
rock 400 1150 50 50
grass 400 1200 50 50
tree 400 1250 50 100
grass 400 1350 50 50
grass 400 1400 50 50
tree 400 1450 50 100
grass 400 1550 50 50
grass 400 1600 50 50
grass 400 1650 50 50
tree 400 1700 50 100
grass 400 1800 50 50
grass 400 1850 50 50
grass 400 1900 50 50
tree 450 -350 50 100
tree 450 -250 50 100
tree 450 -150 50 100
tree 450 -50 50 100
tree 450 50 50 100
tree 450 150 50 100
tree 450 250 50 100
tree 450 350 50 100
tree 450 450 50 100
grass 450 700 50 50
rock 450 750 50 50
rock 450 800 50 50
rock 450 850 50 50
rock 450 900 50 50
rock 450 950 50 50
rock 450 1000 50 50
dirt 450 1050 50 50
dirt 450 1100 50 50
rock 450 1150 50 50
grass 450 1200 50 50
grass 450 1250 50 50
tree 450 1300 50 100
grass 450 1400 50 50
grass 450 1450 50 50
grass 450 1500 50 50
grass 450 1550 50 50
grass 450 1600 50 50
grass 450 1650 50 50
grass 450 1700 50 50
grass 450 1750 50 50
grass 450 1800 50 50
tree 450 1850 50 100
tree 500 -400 50 100
tree 500 -300 50 100
tree 500 -200 50 100
tree 500 -100 50 100
tree 500 0 50 100
tree 500 100 50 100
tree 500 200 50 100
tree 500 300 50 100
tree 500 400 50 100
grass 500 700 50 50
grass 500 750 50 50
rock 500 800 50 50
rock 500 850 50 50
rock 500 900 50 50
rock 500 950 50 50
rock 500 1000 50 50
dirt 500 1050 50 50
dirt 500 1100 50 50
rock 500 1150 50 50
tree 500 1200 50 100
grass 500 1300 50 50
grass 500 1350 50 50
grass 500 1400 50 50
tree 500 1450 50 100
grass 500 1550 50 50
grass 500 1600 50 50
grass 500 1650 50 50
grass 500 1700 50 50
grass 500 1750 50 50
tree 500 1800 50 100
grass 500 1900 50 50
tree 550 -350 50 100
tree 550 -250 50 100
tree 550 -150 50 100
tree 550 -50 50 100
tree 550 50 50 100
tree 550 150 50 100
tree 550 250 50 100
tree 550 350 50 100
tree 550 450 50 100
grass 550 700 50 50
grass 550 750 50 50
rock 550 800 50 50
rock 550 850 50 50
rock 550 900 50 50
rock 550 950 50 50
rock 550 1000 50 50
dirt 550 1050 50 50
dirt 550 1100 50 50
rock 550 1150 50 50
grass 550 1200 50 50
grass 550 1250 50 50
tree 550 1300 50 100
grass 550 1400 50 50
grass 550 1450 50 50
grass 550 1500 50 50
grass 550 1550 50 50
grass 550 1650 50 50
grass 550 1700 50 50
grass 550 1750 50 50
grass 550 1800 50 50
grass 550 1850 50 50
grass 550 1900 50 50
tree 600 -400 50 100
tree 600 -300 50 100
tree 600 -200 50 100
tree 600 -100 50 100
tree 600 0 50 100
tree 600 100 50 100
tree 600 200 50 100
tree 600 300 50 100
tree 600 400 50 100
tree 600 500 50 100
tree 600 600 50 100
grass 600 700 50 50
grass 600 750 50 50
rock 600 800 50 50
rock 600 850 50 50
rock 600 900 50 50
rock 600 950 50 50
rock 600 1000 50 50
dirt 600 1050 50 50
dirt 600 1100 50 50
rock 600 1150 50 50
tree 600 1200 50 100
tree 650 -350 50 100
tree 650 -250 50 100
tree 650 -150 50 100
tree 650 -50 50 100
tree 650 50 50 100
tree 650 150 50 100
tree 650 250 50 100
tree 650 350 50 100
tree 650 450 50 100
tree 650 550 50 100
grass 650 700 50 50
grass 650 750 50 50
rock 650 800 50 50
rock 650 850 50 50
rock 650 900 50 50
rock 650 950 50 50
rock 650 1000 50 50
dirt 650 1050 50 50
dirt 650 1100 50 50
rock 650 1150 50 50
tree 700 -400 50 100
tree 700 -300 50 100
tree 700 -200 50 100
tree 700 -100 50 100
tree 700 0 50 100
tree 700 100 50 100
tree 700 200 50 100
tree 700 300 50 100
tree 700 400 50 100
tree 700 500 50 100
tree 700 600 50 100
grass 700 700 50 50
grass 700 750 50 50
rock 700 800 50 50
rock 700 850 50 50
rock 700 900 50 50
rock 700 950 50 50
rock 700 1000 50 50
rock 700 1050 50 50
rock 700 1100 50 50
rock 700 1150 50 50
